0 1443.07
1 1495.82
2 1562.07
3 1606.99
4 1682.01
5 1709.26
6 1766.61
7 1785.72
8 1837.87
9 1843.15
10 1873.48
11 1858.29
12 1868.23
13 1845.37
14 1845.08
15 1818.01
16 1819.16
17 1792.17
18 1788.55
19 1761.74
20 1745.38
21 1709.88
22 1704.43
23 1665.13
24 1657.37
25 1621.01
26 1615.48
27 1586.78
28 1593
29 1568.48
30 1576.7
31 1557.78
32 1560.42
33 1544.99
34 1577.92
35 1568.89
36 1587.27
37 1569.02
38 1572.78
39 1565.48
40 1597.04
41 1597.94
42 1652.16
43 1666.52
44 1693.12
45 1705.49
46 1758.6
47 1779.56
48 1832.24
49 1841.25
50 1870.11
51 1855.31
52 1854.26
53 1822.77
54 1811.83
55 1739.95
56 1688.6
57 1622.08
58 1584.8
59 1510.65
60 1479.48
61 1439.7
62 1441.75
63 1427.27
64 1445.06
65 1433.52
66 1452.26
67 1453.72
68 1474.15
69 1476.73
70 1515.38
71 1538.53
72 1551.93
73 1570.09
74 1577.26
75 1584.1
76 1624.19
77 1599.19
78 1580.02
79 1561.06
80 1559.05
81 1527.26
82 1513.3
83 1550.88
84 1535.18
85 1566.91
86 1551.94
87 1567.97
88 1541.74
89 1523.48
90 1439.84
91 1379.26
