0 16.5379
1 16.382
2 16.1938
3 16.0707
4 15.8725
5 15.8027
6 15.6594
7 15.6127
8 15.4877
9 15.4752
10 15.4043
11 15.4397
12 15.4165
13 15.47
14 15.4707
15 15.5348
16 15.5321
17 15.597
18 15.6058
19 15.6714
20 15.7119
21 15.8011
22 15.815
23 15.9163
24 15.9366
25 16.033
26 16.0478
27 16.1256
28 16.1087
29 16.176
30 16.1533
31 16.2058
32 16.1984
33 16.2415
34 16.15
35 16.1749
36 16.1243
37 16.1745
38 16.1641
39 16.1843
40 16.0976
41 16.0952
42 15.9503
43 15.9127
44 15.8439
45 15.8123
46 15.6791
47 15.6277
48 15.501
49 15.4797
50 15.4121
51 15.4466
52 15.4491
53 15.5235
54 15.5496
55 15.7254
56 15.8555
57 16.0301
58 16.1311
59 16.3392
60 16.4297
61 16.5481
62 16.5419
63 16.5857
64 16.5319
65 16.5668
66 16.5104
67 16.506
68 16.4454
69 16.4378
70 16.3256
71 16.2597
72 16.2221
73 16.1716
74 16.1518
75 16.133
76 16.0244
77 16.0918
78 16.1442
79 16.1966
80 16.2022
81 16.2917
82 16.3315
83 16.225
84 16.2692
85 16.1804
86 16.222
87 16.1774
88 16.2507
89 16.3024
90 16.5477
91 16.7344
