0 7.7646 6.70768
1 7.76268 6.73598
2 7.76719 6.77859
3 7.76293 6.80168
4 7.76105 6.84403
5 7.75979 6.85757
6 7.76261 6.89056
7 7.75745 6.89876
8 7.75763 6.93237
9 7.75564 6.93411
10 7.75692 6.95202
11 7.75267 6.94374
12 7.75245 6.9469
13 7.74861 6.92945
14 7.75219 6.92351
15 7.74606 6.90976
16 7.74477 6.91198
17 7.74391 6.9026
18 7.74494 6.90721
19 7.74043 6.89595
20 7.74063 6.89284
21 7.73866 6.86863
22 7.73992 6.86717
23 7.7353 6.84019
24 7.73572 6.84218
25 7.73504 6.83173
26 7.73905 6.8411
27 7.73513 6.82249
28 7.73264 6.82371
29 7.73079 6.80784
30 7.73426 6.81523
31 7.72882 6.80285
32 7.7306 6.80766
33 7.72865 6.79509
34 7.7305 6.81337
35 7.72626 6.80754
36 7.72484 6.82449
37 7.72119 6.8128
38 7.72214 6.82044
39 7.71761 6.81717
40 7.71595 6.8411
41 7.71249 6.84287
42 7.71525 6.86808
43 7.70812 6.87257
44 7.7087 6.88652
45 7.70476 6.88944
46 7.70669 6.91702
47 7.70192 6.91895
48 7.70172 6.94125
49 7.69707 6.94153
50 7.69808 6.95757
51 7.69179 6.94685
52 7.68892 6.95156
53 7.68698 6.93664
54 7.68406 6.93488
55 7.66533 6.91231
56 7.66207 6.90188
57 7.65878 6.86857
58 7.65849 6.85653
59 7.6567 6.82397
60 7.65597 6.80286
61 7.65311 6.77271
62 7.65905 6.77221
63 7.65765 6.77937
64 7.65973 6.80302
65 7.66213 6.79609
66 7.6656 6.80839
67 7.66251 6.80433
68 7.66605 6.82479
69 7.66195 6.81885
70 7.66783 6.84381
71 7.66336 6.8431
72 7.66305 6.85107
73 7.66794 6.85444
74 7.6675 6.86132
75 7.66348 6.86114
76 7.67046 6.88622
77 7.67038 6.87013
78 7.67417 6.87515
79 7.67237 6.8662
80 7.67496 6.87942
81 7.67632 6.86077
82 7.67279 6.84886
83 7.67618 6.85436
84 7.67157 6.84379
85 7.67571 6.85288
86 7.6792 6.85298
87 7.68158 6.8543
88 7.68051 6.84354
89 7.68198 6.83607
90 7.68561 6.81526
91 7.69078 6.78673
