0 28.4069
1 25.1688
2 23.4078
3 23.1138
4 22.1914
5 21.7779
6 21.3986
7 20.8514
8 20.8898
9 20.5497
10 20.3589
11 20.2346
12 20.1008
13 19.9905
14 20.0717
15 19.9436
16 19.9895
17 19.9426
18 20.0864
19 19.7946
20 19.9234
21 20.0162
22 19.8782
23 19.6499
24 19.8274
25 20.0551
26 20.3232
27 20.4084
28 20.3794
29 20.8901
30 20.8355
31 20.7324
32 20.7651
33 21.0708
34 20.8723
35 20.7816
36 20.636
37 20.5288
38 20.6881
39 20.8347
40 20.7723
41 21.1035
42 20.8307
43 20.3036
44 20.4749
45 20.7279
46 20.6801
47 20.7324
48 20.5172
49 20.4816
50 20.5981
51 20.1992
52 19.9635
53 20.1418
54 20.1202
55 20.108
56 19.9839
57 20.134
58 20.1065
59 20.3251
60 20.4837
61 20.5207
62 20.4763
63 20.3739
64 20.6119
65 20.9833
66 21.0106
67 21.2209
68 21.2324
69 21.2629
70 21.225
71 20.9603
72 20.8702
73 20.7278
74 20.5795
75 20.448
76 20.2684
77 20.2121
78 19.9599
79 19.5349
80 19.5656
81 19.8462
82 19.5835
83 19.7902
84 19.9902
85 20.1445
86 20.3192
87 20.2016
88 20.3256
89 20.4135
90 20.341
91 20.6624
92 21.0209
93 20.5795
94 20.5909
95 20.6829
96 20.7244
97 20.8428
98 20.8564
99 20.5045
100 20.0852
