0 7.76995 4.67169
1 7.76729 5.01347
2 7.76683 5.27821
3 7.76865 5.36227
4 7.76631 5.54849
5 7.76708 5.60735
6 7.76684 5.64165
7 7.76735 5.75637
8 7.76565 5.76762
9 7.7646 5.80653
10 7.76268 5.87618
11 7.76719 5.92857
12 7.76293 5.95145
13 7.76105 5.96304
14 7.75979 5.96209
15 7.76261 5.96773
16 7.75745 5.95851
17 7.75763 5.99928
18 7.75564 5.93505
19 7.75692 5.99149
20 7.75267 5.97491
21 7.75245 5.9434
22 7.74861 5.98099
23 7.75219 6.05627
24 7.74606 5.9727
25 7.74477 5.93032
26 7.74391 5.88337
27 7.74494 5.8669
28 7.74043 5.88335
29 7.74063 5.8047
30 7.73866 5.75449
31 7.73992 5.82316
32 7.7353 5.80597
33 7.73572 5.74073
34 7.73504 5.77115
35 7.73905 5.8186
36 7.73513 5.80531
37 7.73264 5.85738
38 7.73079 5.82132
39 7.73426 5.79599
40 7.72882 5.81188
41 7.7306 5.77454
42 7.72865 5.80355
43 7.7305 5.91417
44 7.72626 5.88351
45 7.72484 5.8016
46 7.72119 5.81314
47 7.72214 5.84053
48 7.71761 5.87448
49 7.71595 5.88677
50 7.71249 5.91133
51 7.71525 5.98176
52 7.70812 6.01367
53 7.7087 6.00755
54 7.70476 5.9874
55 7.70669 6.00395
56 7.70192 6.03234
57 7.70172 5.99719
58 7.69707 5.98439
59 7.69808 5.97559
60 7.69179 5.86574
61 7.68892 5.89936
62 7.68698 5.91084
63 7.68406 5.91629
64 7.66533 5.91424
65 7.66207 5.81922
66 7.65878 5.74946
67 7.65849 5.74317
68 7.6567 5.77895
69 7.65597 5.7588
70 7.65311 5.79487
71 7.65905 5.86948
72 7.65765 5.8487
73 7.65973 5.87136
74 7.66213 5.92445
75 7.6656 5.93685
76 7.66251 5.97059
77 7.66605 5.98924
78 7.66195 6.00664
79 7.66783 6.09834
80 7.66336 6.08272
81 7.66305 6.04514
82 7.66794 6.08807
83 7.6675 6.06656
84 7.66348 6.02617
85 7.67046 6.02331
86 7.67038 5.97569
87 7.67417 6.00741
88 7.67237 5.98802
89 7.67496 5.99849
90 7.67632 5.97247
91 7.67279 5.93642
92 7.67618 5.96744
93 7.67157 6.01845
94 7.67571 6.02946
95 7.6792 5.9826
96 7.68158 5.94938
97 7.68051 5.93064
98 7.68198 5.87199
99 7.68561 5.97107
100 7.69078 6.12108
