0 93.8395
1 197.789
2 296.69
3 317.466
4 392.591
5 431.803
6 471.217
7 534.489
8 529.788
9 572.947
10 598.674
11 616.062
12 635.335
13 651.679
14 639.596
15 658.754
16 651.82
17 658.894
18 637.436
19 681.742
20 661.816
21 647.826
22 668.748
23 704.834
24 676.617
25 642.055
26 603.61
27 591.887
28 595.849
29 529.746
30 536.446
31 549.336
32 545.216
33 508.155
34 531.919
35 543.15
36 561.668
37 575.711
38 554.967
39 536.547
40 544.313
41 504.347
42 537.046
43 606.35
44 582.899
45 549.912
46 555.993
47 549.342
48 577.247
49 581.999
50 566.593
51 621.099
52 655.737
53 629.362
54 632.496
55 634.276
56 652.67
57 630.49
58 634.5
59 603.349
60 581.719
61 576.779
62 582.706
63 596.606
64 564.79
65 518.503
66 515.257
67 490.896
68 489.604
69 486.178
70 490.435
71 521.256
72 532.182
73 549.922
74 569.026
75 586.519
76 611.28
77 619.262
78 656.283
79 723.754
80 718.647
81 673.686
82 715.706
83 682.436
84 651.718
85 628.966
86 604.174
87 620.758
88 603.283
89 591.192
90 601.145
91 558.265
92 514.027
93 569.021
94 567.538
95 555.632
96 550.349
97 535.55
98 533.878
99 578.939
100 637.614
