10 269.984
11 274.67
12 285.779
13 281.424
14 297.526
15 297.248
16 313.523
17 309.546
18 324.828
19 321.71
20 335.198
21 328.233
22 335.694
23 330.572
24 337.921
25 326.288
26 329.516
27 318.077
28 324.191
29 311.21
30 310.679
31 297.176
32 301.663
33 289.623
34 292.657
35 281.218
36 288.245
37 274.477
38 281.302
39 272.96
40 279.324
41 268.116
42 274.173
43 265.373
44 274.372
45 266.687
46 275.484
47 265.783
48 271.252
49 262.578
50 269.903
51 264.654
52 279.883
53 272.325
54 280.361
55 272.74
56 287.14
57 279.105
58 291.789
59 282.619
60 291.201
61 284.22
62 293.588
63 284.27
64 288.557
65 279.059
66 270.887
67 259.06
68 263.535
69 251.184
70 258.839
71 251.72
72 258.664
73 252.567
74 258.901
75 256.03
76 264.092
77 261.028
78 269.867
79 265.919
80 281.008
81 275.394
82 284.349
83 300.275
84 304.554
85 307.331
86 328.702
87 314.733
88 314.955
89 307.844
90 309.53
91 288.502
92 293.318
93 308.114
94 302.562
95 318.844
96 314.303
97 315.65
98 302.291
99 300.431
100 283.246
101 267.476
