10 7.05583
11 6.55691
12 6.74771
13 6.8213
14 6.72021
15 6.82186
16 6.74474
17 6.75495
18 6.81238
19 6.87931
20 6.72965
21 6.95866
22 6.93774
23 6.84443
24 6.70207
25 6.41413
26 6.66533
27 6.51134
28 6.71309
29 6.56359
30 6.45111
31 6.35639
32 6.70444
33 6.80128
34 6.87101
35 6.62535
36 6.60948
37 6.28922
38 6.43523
39 6.27036
40 6.57719
41 6.49481
42 6.39418
43 6.59906
44 6.51613
45 6.33976
46 6.19361
47 6.1709
48 6.1829
49 6.03451
50 5.96377
51 6.3775
52 6.40326
53 6.15151
54 5.85076
55 5.96877
56 6.34245
57 6.2462
58 5.71915
59 5.51464
60 5.64516
61 5.9117
62 5.93167
63 5.82861
64 5.40139
65 5.83365
66 5.91021
67 6.22724
68 6.33839
69 6.68915
70 6.73087
71 6.72403
72 6.87658
73 6.8687
74 6.72661
75 6.28936
76 6.41092
77 6.37517
78 6.0824
79 6.3701
80 8.13835
81 8.31783
82 8.59977
83 9.20653
84 9.46194
85 9.23276
86 10.0673
87 10.0899
88 9.8162
89 9.9912
90 10.5859
91 10.3935
92 9.72238
93 9.77398
94 9.54465
95 10.1147
96 9.0938
97 8.86589
98 7.99111
99 7.69682
100 7.08729
101 7.10521
