10 7.05583 44.2936 168.044 
11 6.55691 42.1607 148.56 
12 6.74771 43.1898 151.2 
13 6.8213 42.8493 142.007 
14 6.72021 41.9778 145.288 
15 6.82186 42.8024 141.497 
16 6.74474 42.8687 144.002 
17 6.75495 42.7025 139.151 
18 6.81238 44.0656 148.843 
19 6.87931 43.1448 139.665 
20 6.72965 43.1731 146.683 
21 6.95866 44.0404 143.3 
22 6.93774 44.3168 148.42 
23 6.84443 43.2458 143.571 
24 6.70207 43.2377 149.606 
25 6.41413 42.6277 140.766 
26 6.66533 42.5222 144.169 
27 6.51134 40.8369 135.932 
28 6.71309 42.3567 145.258 
29 6.56359 41.4825 136.555 
30 6.45111 41.0096 140.908 
31 6.35639 41.5297 134.77 
32 6.70444 41.1265 137.192 
33 6.80128 41.5842 134.79 
34 6.87101 42.1542 141.142 
35 6.62535 41.1536 134.933 
36 6.60948 41.8374 142.026 
37 6.28922 40.5578 132.324 
38 6.43523 41.3827 141.522 
39 6.27036 40.7841 134.615 
40 6.57719 41.5306 140.053 
41 6.49481 40.3358 129.255 
42 6.39418 41.3707 137.097 
43 6.59906 40.1182 131.274 
44 6.51613 39.7211 134.724 
45 6.33976 39.806 128.604 
46 6.19361 39.5614 133.522 
47 6.1709 39.2915 126.108 
48 6.1829 39.1584 132.537 
49 6.03451 38.0356 125.87 
50 5.96377 39.1495 134.037 
51 6.3775 39.4899 128.609 
52 6.40326 39.5906 136.224 
53 6.15151 38.1785 124.447 
54 5.85076 37.9491 129.811 
55 5.96877 37.791 122.76 
56 6.34245 37.8248 126.975 
57 6.2462 37.7284 122.623 
58 5.71915 36.6288 123.794 
59 5.51464 35.1432 114.577 
60 5.64516 36.7735 123.512 
61 5.9117 36.4674 118.762 
62 5.93167 37.8167 128.463 
63 5.82861 36.145 118.664 
64 5.40139 35.8584 120.104 
65 5.83365 37.8299 126.229 
66 5.91021 37.4794 127.16 
67 6.22724 38.0164 123.327 
68 6.33839 38.8627 129.309 
69 6.68915 38.1866 123.123 
70 6.73087 39.4341 129.956 
71 6.72403 39.3673 124.582 
72 6.87658 39.9208 133.224 
73 6.8687 40.1536 128.806 
74 6.72661 40.0051 131.713 
75 6.28936 37.4092 123.592 
76 6.41092 38.43 128.287 
77 6.37517 37.9435 120.424 
78 6.0824 37.6624 127.67 
79 6.3701 38.2543 124.62 
80 8.13835 43.5453 145.935 
81 8.31783 43.7115 144.841 
82 8.59977 44.5116 149.243 
83 9.20653 46.9343 156.136 
84 9.46194 46.8378 152.805 
85 9.23276 46.1405 149.071 
86 10.0673 48.2934 162.041 
87 10.0899 47.3882 149.831 
88 9.8162 47.9376 154.407 
89 9.9912 47.0379 148.993 
90 10.5859 46.6799 157.019 
91 10.3935 46.3475 147.64 
92 9.72238 45.0385 142.537 
93 9.77398 45.591 151.227 
94 9.54465 44.3623 140.668 
95 10.1147 44.5168 139.136 
96 9.0938 42.8421 140.334 
97 8.86589 42.1185 138.847 
98 7.99111 40.363 130.751 
99 7.69682 39.9055 129.23 
100 7.08729 38.03 124.612 
101 7.10521 36.6494 120.658 
