10 39.6453
11 39.9638
12 39.8392
13 39.7921
14 39.857
15 39.7918
16 39.8412
17 39.8346
18 39.7978
19 39.7554
20 39.8509
21 39.7055
22 39.7186
23 39.7774
24 39.8687
25 40.0594
26 39.8926
27 39.9941
28 39.8616
29 39.9594
30 40.0345
31 40.0987
32 39.8672
33 39.8049
34 39.7606
35 39.9187
36 39.9291
37 40.1448
38 40.0452
39 40.1579
40 39.9504
41 40.0051
42 40.073
43 39.936
44 39.9909
45 40.1101
46 40.2114
47 40.2273
48 40.2189
49 40.3244
50 40.3756
51 40.0843
52 40.0668
53 40.241
54 40.4587
55 40.372
56 40.1082
57 40.1746
58 40.5575
59 40.7156
60 40.614
61 40.4137
62 40.399
63 40.4752
64 40.8057
65 40.4714
66 40.4148
67 40.1878
68 40.111
69 39.8771
70 39.8501
71 39.8545
72 39.7571
73 39.7621
74 39.8528
75 40.1447
76 40.0616
77 40.0859
78 40.2901
79 40.0893
80 39.0254
81 38.9307
82 38.7859
83 38.4898
84 38.371
85 38.4775
86 38.1017
87 38.0919
88 38.2114
89 38.1346
90 37.8835
91 37.9632
92 38.2531
93 38.2301
94 38.3332
95 38.0813
96 38.5433
97 38.6536
98 39.1047
99 39.2677
100 39.626
101 39.615
