10 7.7646 5.46771
11 7.76268 5.49528
12 7.76719 5.54324
13 7.76293 5.53127
14 7.76105 5.57607
15 7.75979 5.56367
16 7.76261 5.61357
17 7.75745 5.59249
18 7.75763 5.63558
19 7.75564 5.61704
20 7.75692 5.65205
21 7.75267 5.62886
22 7.75245 5.6559
23 7.74861 5.62813
24 7.75219 5.65319
25 7.74606 5.61884
26 7.74477 5.63268
27 7.74391 5.60034
28 7.74494 5.62236
29 7.74043 5.58597
30 7.74063 5.59631
31 7.73866 5.5562
32 7.73992 5.57794
33 7.7353 5.53745
34 7.73572 5.55756
35 7.73504 5.52311
36 7.73905 5.55516
37 7.73513 5.51509
38 7.73264 5.5394
39 7.73079 5.51102
40 7.73426 5.53492
41 7.72882 5.49492
42 7.7306 5.52409
43 7.72865 5.4939
44 7.7305 5.52198
45 7.72626 5.49229
46 7.72484 5.52572
47 7.72119 5.48965
48 7.72214 5.51529
49 7.71761 5.48225
50 7.71595 5.51451
51 7.71249 5.49103
52 7.71525 5.53489
53 7.70812 5.5022
54 7.7087 5.53163
55 7.70476 5.49173
56 7.70669 5.53644
57 7.70192 5.51158
58 7.70172 5.55248
59 7.69707 5.52183
60 7.69808 5.55222
61 7.69179 5.52107
62 7.68892 5.55602
63 7.68698 5.52789
64 7.68406 5.54181
65 7.66533 5.52226
66 7.66207 5.54835
67 7.65878 5.51781
68 7.65849 5.54621
69 7.6567 5.5148
70 7.65597 5.53908
71 7.65311 5.50604
72 7.65905 5.54499
73 7.65765 5.5127
74 7.65973 5.53795
75 7.66213 5.45816
76 7.6656 5.49556
77 7.66251 5.47898
78 7.66605 5.51028
79 7.66195 5.48885
80 7.66783 5.55144
81 7.66336 5.53509
82 7.66305 5.57141
83 7.66794 5.59206
84 7.6675 5.62161
85 7.66348 5.61214
86 7.67046 5.70241
87 7.67038 5.65754
88 7.67417 5.66379
89 7.67237 5.63905
90 7.67496 5.68622
91 7.67632 5.64539
92 7.67279 5.60821
93 7.67618 5.65585
94 7.67157 5.61261
95 7.67571 5.65618
96 7.6792 5.60975
97 7.68158 5.61647
98 7.68051 5.5505
99 7.68198 5.56602
100 7.68561 5.52499
101 7.69078 5.50203
