10 7.7646 6.44582
11 7.76268 6.56044
12 7.76719 6.62786
13 7.76293 6.65086
14 7.76105 6.6969
15 7.75979 6.70242
16 7.76261 6.73242
17 7.75745 6.73209
18 7.75763 6.76062
19 7.75564 6.75464
20 7.75692 6.77617
21 7.75267 6.76609
22 7.75245 6.77735
23 7.74861 6.76986
24 7.75219 6.77186
25 7.74606 6.75701
26 7.74477 6.75334
27 7.74391 6.73713
28 7.74494 6.7471
29 7.74043 6.72816
30 7.74063 6.72634
31 7.73866 6.7047
32 7.73992 6.70891
33 7.7353 6.68628
34 7.73572 6.69113
35 7.73504 6.67934
36 7.73905 6.69215
37 7.73513 6.66971
38 7.73264 6.67771
39 7.73079 6.66013
40 7.73426 6.67052
41 7.72882 6.65512
42 7.7306 6.66252
43 7.72865 6.65031
44 7.7305 6.66441
45 7.72626 6.65278
46 7.72484 6.67112
47 7.72119 6.65333
48 7.72214 6.66791
49 7.71761 6.66182
50 7.71595 6.67994
51 7.71249 6.67459
52 7.71525 6.69808
53 7.70812 6.68297
54 7.7087 6.70181
55 7.70476 6.6927
56 7.70669 6.71217
57 7.70192 6.71722
58 7.70172 6.73018
59 7.69707 6.72892
60 7.69808 6.74306
61 7.69179 6.73015
62 7.68892 6.74215
63 7.68698 6.72381
64 7.68406 6.73164
65 7.66533 6.72387
66 7.66207 6.72327
67 7.65878 6.70503
68 7.65849 6.70081
69 7.6567 6.67632
70 7.65597 6.66974
71 7.65311 6.64822
72 7.65905 6.65433
73 7.65765 6.65149
74 7.65973 6.66455
75 7.66213 6.63841
76 7.6656 6.65014
77 7.66251 6.64318
78 7.66605 6.66741
79 7.66195 6.6649
80 7.66783 6.68618
81 7.66336 6.68829
82 7.66305 6.70839
83 7.66794 6.7146
84 7.6675 6.72278
85 7.66348 6.71662
86 7.67046 6.75133
87 7.67038 6.73292
88 7.67417 6.73856
89 7.67237 6.72006
90 7.67496 6.74126
91 7.67632 6.72429
92 7.67279 6.70983
93 7.67618 6.72364
94 7.67157 6.70074
95 7.67571 6.71145
96 7.6792 6.70371
97 7.68158 6.70034
98 7.68051 6.68547
99 7.68198 6.6788
100 7.68561 6.66082
101 7.69078 6.63915
