10 7.82885 4.11642
11 7.82799 4.08983
12 7.83005 4.08851
13 7.82761 4.10033
14 7.82564 4.15074
15 7.82463 4.35267
16 7.82619 4.50838
17 7.82329 4.55982
18 7.8219 4.59608
19 7.82014 4.59169
20 7.82005 4.61448
21 7.81795 4.60213
22 7.81532 4.61666
23 7.81383 4.5999
24 7.81413 4.61048
25 7.80942 4.57792
26 7.80847 4.58868
27 7.80709 4.57111
28 7.80669 4.57346
29 7.80549 4.56067
30 7.80406 4.55875
31 7.80199 4.53731
32 7.80102 4.54572
33 7.79801 4.52228
34 7.79744 4.53088
35 7.79731 4.50544
36 7.79935 4.51584
37 7.79816 4.48064
38 7.79611 4.47493
39 7.79507 4.45241
40 7.79616 4.45568
41 7.79181 4.42421
42 7.79171 4.43098
43 7.79064 4.4018
44 7.79079 4.41763
45 7.78851 4.42926
46 7.78584 4.44707
47 7.78314 4.44102
48 7.78302 4.44931
49 7.77964 4.43267
50 7.7772 4.45487
51 7.77426 4.43591
52 7.77586 4.44616
53 7.77103 4.43702
54 7.7705 4.4421
55 7.76764 4.42219
56 7.76774 4.43685
57 7.76475 4.43535
58 7.76201 4.45789
59 7.75929 4.44275
60 7.75697 4.45448
61 7.75328 4.44005
62 7.75055 4.46085
63 7.74752 4.45066
64 7.74556 4.45755
65 7.72728 4.46599
66 7.72342 4.49935
67 7.72062 4.48955
68 7.71879 4.51535
69 7.71741 4.50299
70 7.71531 4.52462
71 7.71381 4.52346
72 7.71735 4.54371
73 7.7176 4.53659
74 7.71983 4.54922
75 7.72318 4.4646
76 7.72571 4.4872
77 7.72365 4.48523
78 7.72756 4.49715
79 7.72364 4.48909
80 7.72471 4.5219
81 7.72149 4.518
82 7.72283 4.54187
83 7.72556 4.55577
84 7.72611 4.59458
85 7.72409 4.59578
86 7.72701 4.67801
87 7.72793 4.65431
88 7.73068 4.64485
89 7.72913 4.63959
90 7.72952 4.67458
91 7.73155 4.64925
92 7.72616 4.62098
93 7.72846 4.6663
94 7.72353 4.64544
95 7.7244 4.71391
96 7.72729 4.62775
97 7.72692 4.64953
98 7.72672 4.56811
99 7.72839 4.59087
100 7.73221 4.53309
101 7.73733 4.51543
