10 7.8079 3.00335
11 7.80698 2.94361
12 7.80802 2.97296
13 7.8059 2.96499
14 7.80318 2.96272
15 7.80238 2.9716
16 7.80414 2.97166
17 7.80187 2.97146
18 7.79955 2.99082
19 7.79837 2.98585
20 7.7961 2.98406
21 7.79481 2.98697
22 7.79273 2.98486
23 7.79139 2.96989
24 7.79065 2.96283
25 7.78676 2.95702
26 7.78522 2.96182
27 7.78449 2.95554
28 7.78346 2.96743
29 7.78166 2.96369
30 7.77956 2.95961
31 7.77865 2.95635
32 7.77686 2.96429
33 7.77417 2.96628
34 7.77398 2.96115
35 7.77451 2.93628
36 7.77512 2.94432
37 7.77501 2.91208
38 7.77235 2.92516
39 7.77139 2.91939
40 7.77284 2.94483
41 7.76862 2.93415
42 7.76883 2.94703
43 7.768 2.95049
44 7.7685 2.94072
45 7.76618 2.9137
46 7.76359 2.91208
47 7.76068 2.90277
48 7.76087 2.90586
49 7.7595 2.8922
50 7.75561 2.89913
51 7.75353 2.9253
52 7.7552 2.92838
53 7.75101 2.88893
54 7.75113 2.86781
55 7.75038 2.87476
56 7.74927 2.90308
57 7.74641 2.89157
58 7.74459 2.85597
59 7.74186 2.83818
60 7.73925 2.84243
61 7.73603 2.86206
62 7.73461 2.87806
63 7.73135 2.85914
64 7.72861 2.82797
65 7.71216 2.90854
66 7.70766 2.945
67 7.70454 2.94159
68 7.70317 2.94253
69 7.70177 2.95701
70 7.6987 2.96747
71 7.69823 2.95166
72 7.70147 2.97749
73 7.70211 2.974
74 7.7019 2.96536
75 7.70644 2.85608
76 7.70967 2.8559
77 7.70751 2.85045
78 7.71135 2.86765
79 7.70623 2.87693
80 7.70796 2.96309
81 7.70462 2.96052
82 7.7063 3.00512
83 7.70823 3.03762
84 7.70969 3.07921
85 7.70824 3.0645
86 7.70971 3.14752
87 7.71019 3.14005
88 7.71162 3.12027
89 7.71114 3.12322
90 7.71094 3.16467
91 7.71147 3.14701
92 7.7068 3.11673
93 7.70815 3.14425
94 7.70392 3.12731
95 7.70293 3.19102
96 7.70717 3.07079
97 7.70634 3.10329
98 7.70513 3.01913
99 7.70676 3.02577
100 7.71201 2.94578
101 7.71609 2.94138
