10 32.8149
11 32.2064
12 32.2079
13 32.7807
14 35.8648
15 52.4777
16 63.1502
17 67.4919
18 69.7634
19 70.5392
20 71.9035
21 71.6455
22 72.4847
23 71.5414
24 71.9881
25 69.0544
26 69.913
27 67.9879
28 68.7854
29 67.5356
30 67.1428
31 65.5813
32 66.6287
33 64.4591
34 64.2847
35 63.5189
36 62.7507
37 60.6495
38 59.7996
39 58.4172
40 57.8515
41 56.2375
42 55.3725
43 53.8575
44 53.7182
45 55.2495
46 56.1903
47 56.3008
48 55.9187
49 55.94
50 56.3931
51 55.8086
52 56.1218
53 56.3025
54 55.7812
55 55.4485
56 55.7485
57 55.9037
58 57.2108
59 56.6122
60 56.5395
61 56.6139
62 57.6911
63 57.0218
64 58.0159
65 56.711
66 56.4621
67 55.8841
68 57.9156
69 56.7051
70 59.8479
71 60.0607
72 60.5297
73 60.6675
74 61.4853
75 60.7506
76 61.8768
77 63.2285
78 64.1699
79 62.8681
80 63.6037
81 62.6727
82 63.7863
83 65.2546
84 65.3709
85 67.216
86 73.5095
87 71.9915
88 71.2881
89 70.0376
90 70.0059
91 67.1861
92 65.8417
93 68.3762
94 73.1546
95 81.2186
96 76.602
97 78.0066
98 75.481
99 75.1726
100 69.7529
101 66.8482
