10 17.3924
11 16.9449
12 16.6816
13 16.5843
14 16.3266
15 16.3154
16 16.1674
17 16.1923
18 16.0578
19 16.0978
20 16.0071
21 16.0464
22 15.9553
23 16.0086
24 15.9902
25 16.0208
26 16.0384
27 16.1488
28 16.1089
29 16.2008
30 16.2858
31 16.3467
32 16.347
33 16.4398
34 16.4633
35 16.5572
36 16.5405
37 16.6165
38 16.5938
39 16.6488
40 16.6483
41 16.7057
42 16.7259
43 16.7475
44 16.7076
45 16.7371
46 16.6299
47 16.7453
48 16.6837
49 16.6849
50 16.6585
51 16.67
52 16.5864
53 16.5942
54 16.514
55 16.5078
56 16.4425
57 16.3487
58 16.241
59 16.2764
60 16.1826
61 16.248
62 16.2736
63 16.3202
64 16.3124
65 16.475
66 16.5223
67 16.6199
68 16.6883
69 16.8642
70 16.897
71 17.0018
72 17.0239
73 17.031
74 17.0613
75 17.1835
76 17.1274
77 17.1535
78 17.0708
79 17.0335
80 16.9564
81 16.861
82 16.7389
83 16.7361
84 16.6994
85 16.6941
86 16.5683
87 16.6443
88 16.6754
89 16.8406
90 16.8354
91 16.9092
92 16.9849
93 16.9015
94 17.0572
95 16.9854
96 17.0344
97 17.1015
98 17.1484
99 17.2218
100 17.3625
101 17.4614
