10 32.9701
11 33.0514
12 33.0512
13 32.9746
14 32.5841
15 30.9311
16 30.1271
17 29.8383
18 29.6945
19 29.6465
20 29.5633
21 29.5789
22 29.5283
23 29.5852
24 29.5582
25 29.7389
26 29.6852
27 29.8065
28 29.7558
29 29.8355
30 29.8608
31 29.963
32 29.8942
33 30.038
34 30.0497
35 30.1018
36 30.1546
37 30.3025
38 30.3638
39 30.4654
40 30.5077
41 30.6305
42 30.6979
43 30.8183
44 30.8296
45 30.7075
46 30.6342
47 30.6257
48 30.6552
49 30.6536
50 30.6185
51 30.6638
52 30.6395
53 30.6255
54 30.6659
55 30.6919
56 30.6685
57 30.6564
58 30.556
59 30.6017
60 30.6073
61 30.6016
62 30.5197
63 30.5704
64 30.4953
65 30.5941
66 30.6132
67 30.6579
68 30.5028
69 30.5946
70 30.3603
71 30.3449
72 30.3111
73 30.3012
74 30.2431
75 30.2953
76 30.2155
77 30.1217
78 30.0575
79 30.1465
80 30.096
81 30.16
82 30.0835
83 29.9847
84 29.977
85 29.8561
86 29.4674
87 29.558
88 29.6006
89 29.6775
90 29.6795
91 29.858
92 29.9458
93 29.7818
94 29.4884
95 29.0343
96 29.2884
97 29.2095
98 29.3524
99 29.3702
100 29.6952
101 29.8799
