10 177.74 25.633 7.7646 5.19475
11 156.74 26.179 7.76268 5.08426
12 161.144 26.0587 7.76719 5.10289
13 149.87 26.3737 7.76293 5.04837
14 151.371 26.3304 7.76105 5.07612
15 149.089 26.3963 7.75979 5.0486
16 150.185 26.3645 7.76261 5.0583
17 144.872 26.521 7.75745 5.03065
18 155.522 26.2129 7.75763 5.08836
19 143.028 26.5766 7.75564 5.04288
20 150.446 26.357 7.75692 5.05496
21 146.587 26.4699 7.75267 5.03628
22 151.034 26.3401 7.75245 5.07637
23 146.26 26.4795 7.74861 5.03719
24 151.991 26.3126 7.75219 5.06524
25 143.736 26.5551 7.74606 5.02393
26 146.498 26.4725 7.74477 5.05258
27 138.738 26.7089 7.74391 5.01669
28 146.934 26.4596 7.74494 5.05681
29 139.589 26.6823 7.74043 5.01355
30 144.624 26.5284 7.74063 5.05895
31 138.333 26.7215 7.73866 5.01237
32 142.41 26.5954 7.73992 5.03162
33 139.037 26.6995 7.7353 5.01647
34 147.355 26.4472 7.73572 5.06689
35 140.081 26.667 7.73504 5.00813
36 149.251 26.3916 7.73905 5.05145
37 138.525 26.7155 7.73513 4.99923
38 146.601 26.4694 7.73264 5.05026
39 140.563 26.6521 7.73079 5.01643
40 148.015 26.4278 7.73426 5.0638
41 136.174 26.7898 7.72882 4.99816
42 144.541 26.5309 7.7306 5.05516
43 137.756 26.7397 7.72865 5.01325
44 140.788 26.6452 7.7305 5.03291
45 135.201 26.821 7.72626 4.99154
46 139.217 26.6939 7.72484 5.03962
47 132.392 26.9122 7.72119 4.98758
48 139.598 26.682 7.72214 5.02503
49 132.021 26.9244 7.71761 4.98047
50 138.382 26.72 7.71595 5.02659
51 132.923 26.8948 7.71249 4.99321
52 141.525 26.6225 7.71525 5.03413
53 128.894 27.0285 7.70812 4.96396
54 135.026 26.8266 7.7087 5.00963
55 128.221 27.0512 7.70476 4.95432
56 133.828 26.8653 7.70669 4.98867
57 127.327 27.0816 7.70192 4.94469
58 129.012 27.0245 7.70172 4.97378
59 118.29 27.4013 7.69707 4.90535
60 127.618 27.0717 7.69808 4.94648
61 123.608 27.2103 7.69179 4.92076
62 132.619 26.9047 7.68892 4.97839
63 122.054 27.2653 7.68698 4.91529
64 123.449 27.2159 7.68406 4.92859
65 129.12 27.0209 7.66533 5.00283
66 129.838 26.9968 7.66207 5.03521
67 127.287 27.083 7.65878 5.00776
68 132.266 26.9163 7.65849 5.04762
69 127.274 27.0834 7.6567 5.01751
70 134.396 26.847 7.65597 5.05986
71 128.312 27.0481 7.65311 5.0192
72 137.216 26.7567 7.65905 5.0815
73 132.643 26.904 7.65765 5.04532
74 136.034 26.7943 7.65973 5.06803
75 126.441 27.1119 7.66213 4.97156
76 130.395 26.9782 7.6656 4.97208
77 123.707 27.2069 7.66251 4.92903
78 132.007 26.9248 7.66605 5.00616
79 128.165 27.0531 7.66195 4.98488
80 150.498 26.3555 7.66783 5.111
81 150.873 26.3447 7.66336 5.12544
82 156.179 26.1946 7.66305 5.17451
83 163.153 26.0048 7.66794 5.19603
84 160.693 26.0708 7.6675 5.22428
85 157.563 26.1563 7.66348 5.2046
86 170.234 25.8203 7.67046 5.29414
87 158.647 26.1265 7.67038 5.24005
88 163.436 25.9973 7.67417 5.26168
89 158.471 26.1313 7.67237 5.23407
90 166.673 25.9122 7.67496 5.29658
91 155.856 26.2036 7.67632 5.25591
92 151.245 26.334 7.67279 5.21545
93 159.83 26.0942 7.67618 5.26987
94 148.321 26.4188 7.67157 5.20661
95 148.04 26.427 7.67571 5.24064
96 149.339 26.3891 7.6792 5.21302
97 148.009 26.4279 7.68158 5.21354
98 139.108 26.6973 7.68051 5.13881
99 137.619 26.744 7.68198 5.14689
100 132.776 26.8996 7.68561 5.10876
101 125.098 27.1583 7.69078 5.07652
