10 113.038 27.5986 7.7646 4.94768 1443.07 201.229
11 115.158 27.5179 7.76268 4.94335 1495.82 209.321
12 130.257 26.9828 7.76719 5.05097 1562.07 239.608
13 130.694 26.9683 7.76293 5.02827 1606.99 244.188
14 146.753 26.4649 7.76105 5.09235 1682.01 274.778
15 163.581 25.9935 7.75979 5.13503 1709.26 271.821
16 179.328 25.5943 7.76261 5.22856 1766.61 289.331
17 174.676 25.7085 7.75745 5.1933 1785.72 304.613
18 203.234 25.0508 7.75763 5.31006 1837.87 378.845
19 240.543 24.3189 7.75564 5.37909 1843.15 377.28
20 235.546 24.4101 7.75692 5.43831 1873.48 350.869
21 239.168 24.3438 7.75267 5.40752 1858.29 421.228
22 244.529 24.2475 7.75245 5.45721 1868.23 342.739
23 253.311 24.0943 7.74861 5.46836 1845.37 345.632
24 257.082 24.0301 7.75219 5.52644 1845.08 395.019
25 235.461 24.4116 7.74606 5.4474 1818.01 349.073
26 226.695 24.5764 7.74477 5.42855 1819.16 384.29
27 228.294 24.5459 7.74391 5.42926 1792.17 374.331
28 240.278 24.3237 7.74494 5.45121 1788.55 350.095
29 228.737 24.5374 7.74043 5.40758 1761.74 355.615
30 226.826 24.5739 7.74063 5.40055 1745.38 320.48
31 190.925 25.3222 7.73866 5.28779 1709.88 297.576
32 150.306 26.361 7.73992 5.22704 1704.43 332.62
33 156.335 26.1902 7.7353 5.17283 1665.13 327.593
34 165.682 25.938 7.73572 5.18762 1657.37 311.411
35 154.415 26.2439 7.73504 5.16941 1621.01 300.095
36 153.153 26.2796 7.73905 5.23999 1615.48 305.398
37 144.709 26.5259 7.73513 5.17277 1586.78 291.789
38 149.7 26.3786 7.73264 5.20026 1593 284.135
39 148.468 26.4145 7.73079 5.18695 1568.48 310.502
40 159.208 26.1112 7.73426 5.25221 1576.7 275.728
41 145.076 26.5149 7.72882 5.18642 1557.78 265.279
42 148.124 26.4245 7.7306 5.21475 1560.42 267.086
43 143.036 26.5764 7.72865 5.19195 1544.99 260.863
44 150.369 26.3592 7.7305 5.2516 1577.92 320.144
45 146.5 26.4724 7.72626 5.20011 1568.89 268.779
46 149.343 26.3889 7.72484 5.23484 1587.27 277.753
47 148.697 26.4078 7.72119 5.21885 1569.02 271.843
48 153.51 26.2694 7.72214 5.2709 1572.78 285.741
49 154.298 26.2472 7.71761 5.22382 1565.48 273.355
50 151.18 26.3359 7.71595 5.23952 1597.04 281
51 144.843 26.5218 7.71249 5.23378 1597.94 275.257
52 163.212 26.0033 7.71525 5.29874 1652.16 282.98
53 152.091 26.3098 7.70812 5.24894 1666.52 270.599
54 160.031 26.0888 7.7087 5.27493 1693.12 285.651
55 150.912 26.3436 7.70476 5.25138 1705.49 304.558
